name: binder
channels:
  - conda-forge
  - defaults
  - conda-forge/label/broken
dependencies:
  - appdirs=1.4.4=pyh9f0ad1d_0
  - beautifulsoup4=4.12.2=pyha770c72_0
  - brotli-python=1.0.9=py311h12c1d0e_9
  - bzip2=1.0.8=h8ffe710_4
  - ca-certificates=2023.7.22=h56e8100_0
  - certifi=2023.7.22=pyhd8ed1ab_0
  - cffi=1.15.1=py311h7d9ee11_3
  - charset-normalizer=3.2.0=pyhd8ed1ab_0
  - click=8.1.7=win_pyh7428d3b_0
  - colorama=0.4.6=pyhd8ed1ab_0
  - cryptography=41.0.3=py311h28e9c30_0
  - frozendict=2.3.8=py311ha68e1ae_0
  - html5lib=1.1=pyh9f0ad1d_0
  - idna=3.4=pyhd8ed1ab_0
  - intel-openmp=2023.2.0=h57928b3_49496
  - libblas=3.9.0=17_win64_mkl
  - libcblas=3.9.0=17_win64_mkl
  - libexpat=2.5.0=h63175ca_1
  - libffi=3.4.2=h8ffe710_5
  - libhwloc=2.9.2=nocuda_h15da153_1008
  - libiconv=1.17=h8ffe710_0
  - liblapack=3.9.0=17_win64_mkl
  - libsqlite=3.42.0=hcfcfb64_0
  - libxml2=2.11.5=hc3477c8_0
  - libxslt=1.1.37=h6070c61_1
  - libzlib=1.2.13=hcfcfb64_5
  - lxml=4.9.3=py311h750ae06_0
  - mkl=2022.1.0=h6a75c08_874
  - multitasking=0.0.9=pyhd8ed1ab_0
  - numpy=1.25.2=py311h0b4df5a_0
  - openssl=3.1.2=hcfcfb64_0
  - packaging=23.1=pyhd8ed1ab_0
  - pandas=2.0.3=py311hf63dbb6_1
  - pip=23.2.1=pyhd8ed1ab_0
  - plotly=5.16.1=pyhd8ed1ab_0
  - pthreads-win32=2.9.1=hfa6e2cd_3
  - pycparser=2.21=pyhd8ed1ab_0
  - pysocks=1.7.1=pyh0701188_6
  - python=3.11.3=h2628c8c_0_cpython
  - python-dateutil=2.8.2=pyhd8ed1ab_0
  - python-dotenv=1.0.0=pyhd8ed1ab_0
  - python-tzdata=2023.3=pyhd8ed1ab_0
  - python_abi=3.11=3_cp311
  - pytz=2023.3=pyhd8ed1ab_0
  - requests=2.31.0=pyhd8ed1ab_0
  - setuptools=68.1.2=pyhd8ed1ab_0
  - six=1.16.0=pyh6c4a22f_0
  - soupsieve=2.3.2.post1=pyhd8ed1ab_0
  - tbb=2021.10.0=h91493d7_0
  - tenacity=8.2.3=pyhd8ed1ab_0
  - tk=8.6.12=h8ffe710_0
  - tzdata=2023c=h71feb2d_0
  - ucrt=10.0.22621.0=h57928b3_0
  - urllib3=2.0.4=pyhd8ed1ab_0
  - vc=14.3=h64f974e_17
  - vc14_runtime=14.36.32532=hfdfe4a8_17
  - vs2015_runtime=14.36.32532=h05e6639_17
  - webencodings=0.5.1=py_1
  - wheel=0.41.1=pyhd8ed1ab_0
  - win_inet_pton=1.1.0=pyhd8ed1ab_6
  - xz=5.2.6=h8d14728_0
  - yfinance=0.2.28=pyhd8ed1ab_0
